x/B	Umean/U
1.1	-0.0449507
1.12982	-0.0538192
1.17571	-0.0672119
1.22298	-0.0759823
1.27167	-0.0817887
1.32182	-0.0832413
1.37348	-0.0803197
1.42668	-0.0722642
1.48148	-0.0589387
1.53793	-0.0404464
1.59607	-0.0182151
1.65595	0.00769964
1.71763	0.0377062
1.78115	0.0746488
1.84659	0.118373
1.91399	0.172305
1.98341	0.230865
2.02031	0.263196
2.05133	0.289979
2.0575	0.29536
2.06507	0.301462
2.09498	0.326781
2.11946	0.346179
2.13277	0.356715
2.14968	0.369102
2.17092	0.385308
2.18762	0.397098
2.20945	0.412369
2.23871	0.431369
2.2483	0.437804
2.25535	0.442227
2.28749	0.462102
2.32216	0.482339
2.32695	0.485081
2.33409	0.488982
2.36671	0.507384
2.3884	0.51923
2.40668	0.528984
2.43483	0.543707
2.44687	0.550234
2.45471	0.554454
2.48733	0.571529
2.52187	0.589599
2.52788	0.592647
2.53683	0.597203
2.56863	0.614047
2.58996	0.625273
2.60942	0.635247
2.63782	0.649559
2.64991	0.655836
2.65817	0.659894
2.69023	0.675385
2.72162	0.689742
2.72606	0.691734
2.76558	0.708195
2.77379	0.711504
2.79221	0.718126
2.82292	0.729144
2.84101	0.73479
2.8695	0.743606
2.91542	0.75615
2.91543	0.756152
2.91544	0.756155
2.96156	0.767109
2.98716	0.772593
3.00766	0.776928
3.04728	0.784549
3.05388	0.785791
3.05717	0.786356
3.10041	0.793714
3.12677	0.797856
3.14718	0.801036
3.18893	0.807086
3.19441	0.807852
3.19705	0.808194
3.242	0.813987
3.26832	0.817159
3.2898	0.819741
3.32831	0.824124
3.33786	0.825159
3.34335	0.825718
3.38604	0.830084
3.42024	0.833394
3.43446	0.834786
3.45835	0.837021
3.48327	0.839191
3.49752	0.840402
3.53238	0.84339
3.5775	0.847138
3.5818	0.847503
3.58804	0.848021
3.63076	0.851231
3.66118	0.853541
3.67893	0.854909
3.70124	0.856672
3.72606	0.85835
3.7512	0.860127
3.77413	0.861697
3.79132	0.863024
3.82369	0.865082
3.87489	0.868807
3.875	0.868814
3.87507	0.86882
3.92686	0.872358
3.95857	0.874907
3.97991	0.876317
4.01641	0.8792
4.03361	0.880532
4.04367	0.881456
4.08767	0.88474
4.12962	0.888526
4.14243	0.889451
4.16494	0.891448
4.19767	0.894293
4.21635	0.896236
4.25343	0.899423
4.30403	0.904599
4.30987	0.905074
4.32043	0.906092
4.36672	0.910474
4.39238	0.913284
4.42411	0.915993
4.48099	0.92168
4.48208	0.921761
4.48436	0.921963
4.54071	0.926841
4.56365	0.929275
4.59993	0.93211
4.63371	0.935381
4.65788	0.937175
4.69006	0.939667
4.73009	0.942435
4.76159	0.945291
4.79938	0.947663
4.83474	0.950586
4.86548	0.952311
4.90661	0.955338
4.92974	0.956479
4.97742	0.959544
4.99427	0.96022
5.04738	0.963179
5.06012	0.963609
5.11796	0.96635
5.12775	0.96661
5.18987	0.969004
5.19728	0.969128
5.26318	0.970932
5.26816	0.970968
5.33771	0.972085
5.33864	0.972086
5.35199	0.972186
5.40901	0.972515
5.4129	0.972561
5.48086	0.97245
5.48713	0.972469
5.55489	0.97206
5.56084	0.972056
5.63097	0.97146
5.63533	0.971425
5.70917	0.970504
5.71046	0.970486
5.7306	0.970157
5.78603	0.969169
5.7897	0.969104
5.86208	0.967646
5.87276	0.96745
5.93874	0.965958
5.95878	0.965583
6.01611	0.964181
6.04928	0.963575
6.0942	0.962482
6.15264	0.961411
6.17528	0.96081
6.1952	0.960328
6.26267	0.959039
6.29181	0.958337
6.35252	0.957344
6.38206	0.956675
6.44531	0.955978
6.47367	0.955356
6.53714	0.954949
6.57443	0.954406
6.62128	0.954305
6.67134	0.95372
6.7063	0.953912
6.76421	0.953523
6.79256	0.9539
6.85691	0.953759
6.88031	0.954265
6.95048	0.954439
6.96937	0.95501
7.04526	0.955545
7.0595	0.956093
7.14107	0.956996
7.15063	0.957426
7.23835	0.95873
7.2414	0.958881
7.27904	0.959524
7.33293	0.960379
7.33765	0.960313
7.42147	0.961958
7.44307	0.961964
7.50545	0.96356
7.55082	0.963657
7.58968	0.964965
7.65365	0.965408
7.67462	0.966233
7.75398	0.967077
7.76018	0.967323
7.78237	0.967785
7.84744	0.968807
7.86471	0.968651
7.938	0.970169
7.94044	0.970162
8.00652	0.97112
8.05119	0.971469
8.08742	0.97231
8.16308	0.973541
8.17197	0.973615
8.17614	0.973604
8.25848	0.974558
8.30179	0.97474
8.34696	0.97514
8.41956	0.975496
8.43638	0.975666
8.50636	0.97531
8.51656	0.975249
8.5743	0.974302
8.65036	0.97351
8.65663	0.973406
8.66463	0.9733
8.74072	0.971992
8.80275	0.970907
8.8281	0.970375
8.85855	0.969822
8.91702	0.968359
8.975	0.9671
9.00847	0.966276
9.04032	0.965659
9.10212	0.963764
9.17046	0.962116
9.19832	0.961453
9.22387	0.961011
9.29545	0.958964
9.37457	0.957179
9.39454	0.956786
9.41298	0.956512
9.494	0.954319
9.58188	0.952318
9.59464	0.95209
9.60649	0.951915
9.69534	0.949398
9.7908	0.946964
9.79677	0.946854
9.8024	0.94675
9.89819	0.94363
10	0.940531
10.303	0.931345
10.6061	0.921792
10.9091	0.913179
11.2121	0.90728
11.5152	0.904637
11.8182	0.903931
12.1212	0.904463
12.4242	0.905105
12.7273	0.904803
13.0303	0.902905
13.3333	0.899585
13.6364	0.895638
13.9394	0.891454
14.2424	0.887208
14.5455	0.884198
14.8485	0.883403
15.1515	0.884514
15.4545	0.887028
15.7576	0.890049
16.0606	0.892391
16.3636	0.893116
16.6667	0.89204
16.9697	0.889437
17.2727	0.885246
17.5758	0.879479
17.8788	0.873549
18.1818	0.869094
18.4848	0.866759
18.7879	0.866527
19.0909	0.867589
19.3939	0.868662
19.697	0.868554
20	0.866708
NaN	NaN
