(title "Mean X Velocity")
(labels "Position" "Mean X Velocity")

((xy/key/label "line-mid")
-15	0.999999
-15	0.999999
-14.7083	0.99999
-14.4167	0.999966
-14.125	0.999924
-13.8333	0.999862
-13.5417	0.999781
-13.25	0.999683
-12.9583	0.999565
-12.6667	0.999427
-12.375	0.999268
-12.0833	0.999086
-12.0833	0.999086
-11.7917	0.998881
-11.5	0.998651
-11.2083	0.998394
-11.1111	0.998299
-10.9167	0.998109
-10.625	0.997792
-10.3333	0.997441
-10.0417	0.997054
-9.75	0.996627
-9.45833	0.996156
-9.16667	0.995637
-8.875	0.995065
-8.58333	0.994434
-8.29167	0.993737
-8	0.992965
-7.70833	0.992111
-7.41667	0.991163
-7.125	0.990108
-6.83333	0.98893
-6.54167	0.987615
-6.25	0.986133
-5.95833	0.984473
-5.66667	0.982575
-5.375	0.980453
-5.08333	0.977934
-4.79167	0.975142
-4.5	0.970928
-4.5	0.970928
-4.28718	0.969027
-4.09304	0.966237
-4.08577	0.966136
-4.07718	0.965992
-3.89034	0.962975
-3.73841	0.960147
-3.70811	0.959608
-3.67374	0.958899
-3.53253	0.956097
-3.39716	0.952945
-3.3668	0.952268
-3.33667	0.951479
-3.20605	0.948198
-3.07436	0.944375
-3.05369	0.943798
-3.03309	0.943129
-2.90606	0.939145
-2.78046	0.934583
-2.76716	0.934116
-2.75395	0.933581
-2.63312	0.928874
-2.51382	0.923593
-2.50737	0.923312
-2.50107	0.923013
-2.38506	0.917464
-2.28582	0.911872
-2.2693	0.910981
-2.25089	0.909836
-2.1584	0.904151
-2.05769	0.897241
-2.05504	0.897064
-2.05275	0.89689
-1.95568	0.889723
-1.88273	0.883613
-1.86402	0.882095
-1.84183	0.880045
-1.77717	0.87423
-1.72063	0.868455
-1.69635	0.86605
-1.67338	0.863476
-1.61983	0.857627
-1.56238	0.850558
-1.54858	0.84891
-1.53653	0.847308
-1.48049	0.840007
-1.41955	0.83119
-1.41732	0.830875
-1.41427	0.830389
-1.35683	0.821509
-1.31731	0.81479
-1.30065	0.811993
-1.27702	0.807627
-1.24781	0.80233
-1.22747	0.79831
-1.19807	0.792568
-1.16092	0.784639
-1.15134	0.782628
-1.14295	0.780728
-1.10649	0.7726
-1.06691	0.76299
-1.06387	0.762265
-1.06113	0.761563
-1.02279	0.751928
-0.983406	0.744591
-0.983406	0.744591
-0.913987	0.721465
-0.846589	0.696528
-0.781154	0.67203
-0.717626	0.64517
-0.655947	0.615319
-0.596065	0.582911
-0.537927	0.547721
-0.481483	0.509517
-0.426682	0.468237
-0.373478	0.423912
-0.321823	0.376551
-0.271673	0.326516
-0.222984	0.273808
-0.175712	0.219872
-0.129818	0.162073
-0.08526	0.104034
-0.042	0.039091
0	0.00204705
1	0.0271946
1.042	-0.00416612
1.08526	-0.0418299
1.12982	-0.0583569
1.17571	-0.0769452
1.22298	-0.0916487
1.27167	-0.10493
1.32182	-0.115697
1.37348	-0.123929
1.42668	-0.129124
1.48148	-0.130863
1.53793	-0.128541
1.59607	-0.121563
1.65595	-0.109121
1.71763	-0.0909714
1.78115	-0.0656114
1.84659	-0.0363002
1.91399	0.00454622
1.98341	0.0551668
1.98341	0.0551668
2.02031	0.07102
2.05133	0.0911467
2.0575	0.0952586
2.06507	0.100531
2.09498	0.121888
2.11946	0.139294
2.13277	0.148983
2.14968	0.161246
2.17092	0.176987
2.18762	0.18922
2.20945	0.205561
2.23871	0.226997
2.2483	0.234163
2.25535	0.239258
2.28749	0.262961
2.32216	0.287374
2.32695	0.290803
2.33409	0.295623
2.36671	0.318021
2.3884	0.331912
2.40668	0.343791
2.43483	0.360748
2.44687	0.368093
2.45471	0.372508
2.48733	0.391108
2.52187	0.409338
2.52788	0.412534
2.53683	0.416965
2.56863	0.432821
2.58996	0.442748
2.60942	0.451858
2.63782	0.464456
2.64991	0.469787
2.65817	0.473183
2.69023	0.486251
2.72162	0.497263
2.72606	0.498834
2.76558	0.51298
2.77379	0.516059
2.79221	0.522845
2.82292	0.534442
2.84101	0.540272
2.8695	0.549406
2.91542	0.563409
2.91543	0.563412
2.91544	0.563415
2.96156	0.576757
2.98716	0.583805
3.00766	0.589432
3.04728	0.599764
3.05388	0.601487
3.05717	0.602303
3.10041	0.613023
3.12677	0.619253
3.14718	0.624082
3.18893	0.63358
3.19441	0.634822
3.19705	0.635402
3.242	0.64506
3.26832	0.650448
3.2898	0.654808
3.32831	0.662322
3.33786	0.664179
3.34335	0.665223
3.38604	0.67314
3.42024	0.679155
3.43446	0.681674
3.45835	0.685777
3.48327	0.689987
3.49752	0.692377
3.53238	0.698016
3.5775	0.705146
3.5818	0.705808
3.58804	0.706754
3.63076	0.713122
3.66118	0.71748
3.67893	0.720001
3.70124	0.722988
3.72606	0.726338
3.7512	0.729607
3.77413	0.7325
3.79132	0.73468
3.82369	0.738657
3.87489	0.744798
3.875	0.744811
3.87507	0.744819
3.92686	0.750641
3.95857	0.754109
3.97991	0.756403
4.01641	0.76022
4.03361	0.761996
4.04367	0.763007
4.08767	0.767319
4.12962	0.771318
4.14243	0.772497
4.16494	0.774517
4.19767	0.777407
4.21635	0.779014
4.25343	0.782134
4.30403	0.786283
4.30987	0.786749
4.32043	0.787572
4.36672	0.791109
4.39238	0.79302
4.42411	0.795301
4.48099	0.79931
4.48208	0.799383
4.48436	0.799536
4.54071	0.803218
4.56365	0.80472
4.59993	0.807016
4.63371	0.808989
4.65788	0.810304
4.69006	0.812062
4.73009	0.814393
4.76159	0.816253
4.79938	0.81829
4.83474	0.820057
4.86548	0.821538
4.90661	0.823414
4.92974	0.824431
4.97742	0.826528
4.99427	0.827226
5.04738	0.829452
5.06012	0.829971
5.11796	0.832228
5.12775	0.832608
5.18987	0.834887
5.19728	0.835145
5.26318	0.837371
5.26816	0.837532
5.33771	0.839723
5.33864	0.839751
5.35199	0.840138
5.40901	0.841781
5.4129	0.841886
5.48086	0.843748
5.48713	0.843918
5.55489	0.845675
5.56084	0.845823
5.63097	0.84748
5.63533	0.847579
5.70917	0.849128
5.71046	0.849154
5.7306	0.849533
5.78603	0.850563
5.7897	0.850628
5.86208	0.851855
5.87276	0.852029
5.93874	0.852989
5.95878	0.853272
6.01611	0.854023
6.04928	0.854424
6.0942	0.854979
6.15264	0.855629
6.17528	0.855863
6.1952	0.85605
6.26267	0.856682
6.29181	0.856949
6.35252	0.857401
6.38206	0.857612
6.44531	0.858049
6.47367	0.858199
6.53714	0.858551
6.57443	0.858734
6.62128	0.858935
6.67134	0.859128
6.7063	0.859257
6.76421	0.859432
6.79256	0.859503
6.85691	0.859641
6.88031	0.859669
6.95048	0.859738
6.96937	0.859744
7.04526	0.85973
7.0595	0.859729
7.14107	0.859641
7.15063	0.859631
7.23835	0.859414
7.2414	0.859408
7.27904	0.859281
7.33293	0.859099
7.33765	0.859083
7.42147	0.858747
7.44307	0.858685
7.50545	0.858445
7.55081	0.85825
7.58968	0.858087
7.65365	0.857771
7.67462	0.857669
7.75398	0.857204
7.76018	0.85717
7.78237	0.857035
7.84744	0.856672
7.86471	0.856561
7.938	0.856085
7.94044	0.856072
8.00652	0.855749
8.05119	0.855501
8.08742	0.85535
8.16308	0.854955
8.17197	0.854917
8.17614	0.854891
8.25848	0.854545
8.30179	0.854263
8.34696	0.853976
8.41956	0.853448
8.43638	0.853303
8.50636	0.852772
8.51656	0.852699
8.5743	0.852346
8.65036	0.851774
8.65662	0.851735
8.66463	0.851673
8.74072	0.851214
8.80275	0.850695
8.8281	0.850551
8.85856	0.850289
8.91702	0.849919
8.975	0.84942
9.00847	0.8492
9.04032	0.848923
9.10212	0.848566
9.17046	0.847996
9.19832	0.847839
9.22387	0.847625
9.29545	0.847251
9.37457	0.846584
9.39454	0.846479
9.41298	0.84632
9.494	0.845862
9.58188	0.845049
9.59464	0.844976
9.60649	0.844863
9.69534	0.844318
9.7908	0.84335
9.79677	0.843312
9.8024	0.843256
9.89819	0.842657
10	0.841957
10	0.841957
10.303	0.84
10.6061	0.837603
10.9091	0.836323
11.2121	0.834939
11.5152	0.833698
11.8182	0.83263
12.1212	0.831562
12.4242	0.830546
12.7273	0.829612
13.0303	0.828777
13.3333	0.828066
13.6364	0.827493
13.9394	0.827052
14.2424	0.82673
14.5455	0.826505
14.8485	0.826352
15.1515	0.826243
15.4545	0.826158
15.7576	0.826086
16.0606	0.826026
16.3636	0.825976
16.6667	0.825937
16.9697	0.82591
17.2727	0.825886
17.5758	0.825857
17.8788	0.82581
18.1818	0.82573
18.4848	0.825607
18.7879	0.825431
19.0909	0.825197
19.3939	0.824906
19.697	0.824556
20	0.824153
20.303	0.823699
20.6061	0.823192
20.9091	0.822629
21.2121	0.822005
21.5152	0.821313
21.8182	0.820549
22.1212	0.81971
22.4242	0.818796
22.7273	0.817808
23.0303	0.816745
23.3333	0.815611
23.6364	0.814408
23.9394	0.813129
24.2424	0.811771
24.5455	0.810324
24.8485	0.80878
25.1111	0.807349
25.1515	0.807129
25.4545	0.805359
25.5051	0.805043
25.7576	0.80346
26.0606	0.801413
26.3636	0.799197
26.6667	0.796788
26.9697	0.794154
27.2727	0.791247
27.5758	0.788028
27.8788	0.784411
28.1818	0.780391
28.4848	0.775704
28.7013	0.772066
28.7879	0.770611
28.8552	0.769224
29.0909	0.764372
29.3939	0.758233
29.697	0.74842
30	0.740958
30	0.740958
)
